test_mission:
  wp1:
    x_m: 3.2206430435180664
    y_m: 2.5979597568511963
    yaw_rad: 1.5679587125778198
  wp2:
    x_m: 3.4160983562469482
    y_m: 9.627439498901367
    yaw_rad: 1.5759019851684573
