test_mission:
  wp1:
    x_m: 1.7673568725585938
    y_m: 10.621956825256348
    yaw_rad: 0.04135305061936379
  wp2:
    x_m: 14.07180404663086
    y_m: 12.243858337402344
    yaw_rad: -0.024427857249975204
  wp3:
    x_m: 19.453527450561523
    y_m: 11.259424209594727
    yaw_rad: -1.539357662200928
  wp4:
    x_m: 20.045637130737305
    y_m: 6.083481311798096
    yaw_rad: -1.5510945320129397
