test_mission:
  wp1:
    x_m: 3.323680877685547
    y_m: 2.9194746017456055
    yaw_rad: -1.5532429218292236
