test_mission:
  wp1:
    x_m: 19.6070556640625
    y_m: 0.7634940147399902
    yaw_rad: -3.1190786361694336
  wp2:
    x_m: 6.160739898681641
    y_m: 0.9059040546417236
    yaw_rad: 3.130527973175049
  wp3:
    x_m: 1.4926505088806152
    y_m: 1.975085735321045
    yaw_rad: 1.5993911027908327
  wp4:
    x_m: -0.5067257881164551
    y_m: 0.9665863513946533
    yaw_rad: 0.004464631434530019
