test_mission:
  wp1:
    x_m: 3.3857202529907227
    y_m: 1.465303897857666
    yaw_rad: 1.1922368230443685e-06
  wp2:
    x_m: -0.4761967658996582
    y_m: 0.902656078338623
    yaw_rad: 0.02342616394162178
