test_mission:
  waypoint1:
    x_m: 3.0816235542297363
    y_m: 0.1486687958240509
    yaw_rad: 1.5478999614715578
  waypoint2:
    x_m: 3.3439035415649414
    y_m: 11.25492000579834
    yaw_rad: 1.8148353099822998
